1973.82 4356.89 5269.93 3147.75 3107.14 3787.92 3674.13 11318.3 26586.2 34701.6 26554.5 9770.03 7045.69 4460.59 2179.33 3906.33
2595.39 4074.81 5042.31 2343.54 2935 3351.93 1832.64 9434.29 23052.1 29583.7 22801 8467.37 7111.26 5801.32 2114.73 3850.08
2642.16 2910.97 4546.95 2120.16 2303.3 2914.73 452.184 7418.5 18889.3 24391.6 18937.5 7322.11 7428.79 6258.17 2382.09 3691.85
1981.02 1087.06 3566.06 2560.22 1769.48 2876.18 858.238 6698.58 16025.3 19581 14599.5 6074.26 7658.3 5267.98 1572.4 2979.89
991.254 1547.51 1976.35 3853.59 2223.94 3467.77 2469.99 8183.54 15883.2 18587.1 15001.9 9181.78 8041.12 3307.8 1570.35 1440.3
1698.25 3540.26 1423.7 5778.64 3631.68 4652.21 5273.13 11616.6 20037.6 27078.9 24633.8 16296.6 9372.76 3427.19 4379.29 801.713
3245.53 4835.62 3684.28 7657.57 5415.11 6112.74 8578.02 15944.3 27822.5 40626.6 36533.3 23260.2 11582.8 6254.26 7208.74 3246.74
4390.34 5081.98 5871.94 8777.33 7144.58 7369.82 11356.8 19754.1 36083.5 52289.7 44782.1 27267.1 13514.3 8648.19 8916.46 5267.29
4781.96 4306.12 7091.71 8653.28 8390.3 7948.17 12683.3 21632.3 41421.3 57401.6 46057.7 26719 14000.9 9457.21 8859.79 6293.51
4375.18 2905.44 6946.15 7192.83 8777.15 7538.54 12057.2 20621.4 41451.3 53864.3 39549.8 21449.1 12456.5 8455.99 6959.44 6029.74
3386.65 1739.66 5439.11 4770.2 8110.73 6109.36 9600.57 16572.8 35571.8 42732.6 27345.8 12733.7 9013.33 6105.02 3718.01 4559.44
2214.98 1908.37 2969.56 2420.09 6462.3 3942.72 6129.03 10277.7 25513.5 29037.5 15907.4 3092.88 4437.58 3498.62 345.361 2349.32
1292.81 2555.79 650.514 2560.45 4178.77 1709.02 3476.83 3830.8 16510.4 23398.1 17702 6223.77 919.275 2496.79 3102.35 880.84
809.142 2978.75 2587.05 3946.12 1902.1 1661.29 4001.74 5339.72 17213.4 29703 25961 11621.4 4193.72 3099.44 4822.03 2427.84
658.172 3401.26 4308.26 4506.14 1430.74 3046.71 5157.23 9684.73 23477 36339.4 30393.6 13251.4 6370.44 3310.51 4885.9 3571.9
1145.17 3975.16 5136.04 4091.51 2553.85 3786.32 5027.53 11703.8 27159.7 37832.4 29887.3 11934.8 7084.66 3424.63 3638.81 3946.47
