5963.66 4642.99 2341 3400.46 1892.68 4620.51 6573.37 2187.23 2719.75 3471.61 4659.86 3125.45 2613.66 5604.03 3326.78 4114.52
4211.09 1456.4 2175.73 829.624 377.457 1390.43 2115.24 3535.87 3762.51 2999.4 4028.35 3001.89 2812.28 4282.4 3096.05 4325.65
820.211 3747.74 1904.51 2866.1 656.561 923.645 4242.62 2767 4892.52 4745.12 4283.73 6703.34 6370.89 4651.53 5306.17 3359.35
3268.14 3616.57 1387.23 3888.7 3124.14 5128.51 8115.08 3243.7 7302.41 15473.4 21521.7 20891.3 13732.6 5198.04 3626.2 963.755
3900.04 3921.52 2363.15 3536.28 5159.85 5522.73 6216.68 4615.05 16165.8 28019.4 34961.7 34626.4 20848.7 4665.57 120.138 989.607
1557.43 2574.35 4959.62 5324.32 5903.45 5195.09 976.163 6434.56 21872 33850.5 38483.6 38096.1 22914 3799.64 213.77 2310.79
2251.34 3565.33 6828.77 5450.39 3342.34 5732.69 3322.75 4227.55 18237 27739.1 27881.9 26008.1 15269.4 5095.6 3497.45 4849.91
766.049 4421.84 3958.79 2073.69 2515.85 6629.08 3872.35 3022 10388.8 12403.8 9376.13 6891.11 3910.83 5995.16 6670.72 5183.7
1259.49 3482.58 3882.84 2418.66 4192.37 5962.24 2588.13 4551.73 8923.75 9682.52 5845.36 2922.87 1421.71 5808.88 6285.59 2957.28
2180.19 1810.63 4505.13 4169.93 3677.14 1891.88 7827.73 12525.9 20626.6 25053.2 17590.3 7561.46 3636.25 4094.52 3780.5 1730.52
3045.35 2656.84 1212.3 3139.03 3263.52 3027.16 8894.28 20492.3 34109.6 39029.1 31603.9 17085.3 3416.8 1606.02 932.275 2118.08
2841.91 4463.34 4247.42 5930.63 4156.33 2467.29 5951.96 23757 33437.7 34653.4 33362 19907.1 1925.77 5513.25 1945.91 5078.99
3034.47 985.604 2399.03 4337.77 5467.64 5270.41 4047.5 19159.7 21979.4 19371.9 21609 13776.7 1834.79 5559.4 2507.13 5449.95
2290.01 2543.24 4330.98 3051.05 2661.99 3672.61 1865.52 9200.33 9850.04 8015.43 7957.39 5227.41 2517.25 4524.13 933.37 3131.39
1864.58 1996.39 3409.61 1126.21 2374.32 1673.3 879.153 3972.77 4681.5 5513.34 5840.5 2642.71 2634.6 3217.83 3285.2 2794.51
4428.28 5704.32 5941.56 4812.09 1267 2268.04 2656.97 3137.88 4506.55 1930.47 3540.34 4192 3296.42 6523.03 4310.28 3549.8
