1940.03 3811.45 9339.67 8985.02 3343.34 4297.06 3205.33 7621.6 19251.3 15485.9 11547.2 9234.38 2277.93 7950.57 2793.97 8152.27
2587.59 3744.99 8330.82 7534.05 2897.62 3832.81 2324.66 4602.38 13951.1 12495.1 11415.1 6867.29 4906.97 7884.7 1977.42 5420.03
3143.12 1082.26 3193.82 2697.03 4525.22 1413.95 4483.72 6702.92 5109.04 5461.33 10756.2 8479.6 1541.69 2946.84 1662.69 4846.85
2210.77 7197.68 9155.62 7533.78 4810.1 2997.91 5493.49 6291.36 2555.86 1449.5 9284.54 8912.79 1454.53 2159.11 2616.46 4791.02
2066.34 12102.3 10506.5 6712.61 586.222 2038.08 2899.78 4572.13 3167.26 8455.49 9685.24 10238.3 5138.82 4740.61 1196.88 2991.66
3536.94 9371.09 5978.34 6703.94 2901.54 2713.41 3620.46 2929.74 6755.67 9611.82 13242.5 10567.4 9966.88 6133.37 4580.75 4333.01
4190.38 3673.79 4584.28 5186.65 2463.1 6409.04 5910.24 3674.85 2894.06 10608.3 17422.2 8127.37 7637.49 5322.33 9116.45 5120.32
3703.75 1910.45 2617.53 7413.08 6185.74 7533.07 10527.9 3819.33 4683.2 24789.6 32148.3 15816.4 5725.98 2699.32 7504.9 7266.36
3954.93 6268.85 5415.97 9639.08 7014.27 5617.24 11736.1 3319.59 12255 43104 54638.9 38394 9789.69 5092.55 4853.93 568.873
2661.76 5347.62 4952.22 5306.75 5496.78 5076.08 8734.16 895.324 21658.4 55311.2 68279.1 53629.8 15098.5 3998.31 6100.46 3674.77
6078.3 4047.99 7369.68 700.837 10031 9774.8 4822.72 6597.16 31260 63585.9 76644.2 57447.8 15129.2 4460.9 5988.54 5654.37
8177.21 1319.8 6350.31 4244.12 8738.94 6967.91 1972.2 4885.03 37327.6 72730.7 85999.9 63460.8 13279.4 3946.4 5934.42 9454.98
10263.3 8853.66 6786.61 8867.01 5579.08 628.771 6230.54 1863.75 35265 69064.7 76721.8 60345.1 9588.68 5334.24 6614.17 6114.13
6459.65 7571.51 3222.11 7676.42 6805.52 2749.41 8026.96 4498.78 24030.7 41637.9 41096.7 32964.4 4996.13 3212.47 4468.51 5049.63
2984.73 944.4 2241.13 1030.84 4072.97 3308.63 7410.81 6118.92 12865.1 14219 10645.8 4087.87 3635.68 3354.3 5137.36 5203.75
5760.31 1016.88 6842.1 7330.4 5722.97 4308.51 9179.51 10067.4 8763.12 8063.19 7382.71 11329.2 4827.92 4942.1 8505.86 5303.69
2828.55 1680.87 2985.68 8139.11 6648.91 2978.99 9079.45 8467.99 5553.21 11007.9 11023 13219 7342.08 7246.9 11032.6 6265.13
6528.07 1718.04 4792.64 6326.61 3354.82 4749.68 5457.92 5984.27 8196.17 22781.1 17092.7 13634.3 6450.08 5328.57 10021.4 4352.91
6405.74 1448.24 1996.14 7499.28 2108.33 4583.89 2885.94 12632.2 30695.5 45757.3 30255.8 12798 2399.49 4936.95 3583.9 3818.72
3915.13 5232.86 8172.79 6402.01 6108.21 4264.85 7183.62 22261.7 56998.8 69219.3 47244.4 14464.1 2311.74 9165.68 4376.42 6456.11
405.782 4778.87 5909.39 2764.87 8841.63 4449.95 5357.75 33309.8 69721 77825.3 53068.2 18313.5 2273.2 6714.98 7721.55 5855.27
3133.67 7864.04 10290.3 4371.5 4699.85 1236.77 9074.14 37037.9 68692.1 77077.2 49620.4 22905.3 8645.08 6710.55 7968.17 2012.83
4039.02 4102.45 13754.6 6206.2 6058.88 4492.24 10008.6 35845.2 60862.4 65746.5 38779.4 21069.1 10004.4 9317.04 5746.97 3329.85
2546.03 1801.26 8200.97 6290.72 8301.75 9165.12 10623 29132.8 41315.7 37029.2 18268.3 12577.4 10669.5 7330.41 3731.48 4317.56
1995.82 3932.8 2525.56 2635.09 6233.04 5956.68 9935.7 13200.6 13824.5 9711.61 6644.65 8409.86 12048.5 8442.25 9730.05 3783.96
1891.46 2341.68 5032.56 1336.44 6855.74 3769.59 6577.94 2985.21 6975.06 10466.9 9505.9 3089.99 6694.8 6231.47 7269.37 4650.8
4902.45 5113.47 9452.85 4102.42 6884.26 4077.74 3867.76 6169.21 11538.2 13359.2 8244.76 724.619 3492.37 2169.1 5804.27 4710.59
6753.33 12754.9 5837.47 4408.06 7089.38 3527.17 4863.68 11454.7 13303.4 14650.9 11524 5191.08 4499.5 7323.35 7762.5 4597.63
6002.42 10020.6 1401.19 2513.71 2165.51 3690.03 8521.19 12385.8 11905.1 10948.2 11764.2 5445.76 6438 8648.01 6905.82 3214.99
3201.69 683.48 7002.08 3463.85 7361.74 1634.61 10950.3 4167.06 6981.03 11568.9 11889.8 3056.27 12745.5 13593.3 7662.92 2379.92
1945.76 6650.9 7937.72 3262.12 8124.83 4523.58 9196.87 6981.65 7616.19 13757.8 14750.1 6280.47 7541.27 11437.3 9417.73 4636.95
200.794 5605.15 5767.32 2602.51 2096.67 4213.32 3275.11 6832.84 16151.9 14013.2 13102.6 7851.71 1457.69 6676.94 6365.89 1495.94
