2659.52 4698.96 2134.76 6620.76 3246.94 1370.36 3014.8 5991.53 3150.58 3506.72 6781.22 7079.39 6977.05 5472.71 1869.43 4938.02
3184.4 5189.85 1196.58 2772.27 2809.01 4429.59 1968.45 3859 2860.96 5963.75 6184.71 6072.75 9287.99 4257.65 1972.37 2270.02
1665.85 4096.18 490.284 1718.24 3985.33 1552.56 1727.66 3995.8 2954.67 3787.34 2382.36 2980.13 7547.62 2762.18 2601.14 732.956
3613.93 3321.08 1057.51 3030.33 4447.7 3733.94 3419.87 9961.51 4749.42 6322.68 11492.8 5965.62 5724.33 1177.06 6486.59 3525.16
5452.65 4221.18 1719.3 818.091 5890.68 2838.64 5852.07 9698.37 11572.9 10847 14691.4 7461.39 11455.6 2428.69 5989.62 6618.12
4754.31 877.08 2851.63 1774.33 9704.3 2482.14 4262.93 5021.96 15754.1 12741.2 14674.6 10134.2 11097.5 4572.25 3977.71 6127.82
890.318 1580.99 1942.57 1112.3 5274.66 3267.38 313.677 2089.53 8452.45 7549.98 6735.45 7549.87 3431.77 1937.51 91.1838 2279.8
7234.22 1675.5 2051.32 2744.31 5112.2 3087.6 2458 5669.16 2398.62 2571.56 3251.47 1848.58 3485.75 2240.28 2907.93 2150.69
6530.59 2073.18 1719.52 994.621 3517.21 4108.76 5071.71 2798.68 1811.61 2665.55 3849.36 1450.44 1931.89 3550.88 2379.36 3415.66
1363.5 5360.84 1700.21 885.684 2898.96 6847 10953.1 8929.29 9262.8 9616.12 4378.88 5175.06 7825.55 3111.79 2645.05 2588.61
2614.3 4055.9 3728.8 1447.77 1760.91 7646.77 10342.5 11490.1 9243.99 15473.8 7438.15 5889.64 6207.79 5609.85 3178.54 1388.43
389.751 2885.25 4372.7 4635.64 5352.63 5462.75 2108.68 9623.75 7004.93 11414.8 8452.09 3055.75 2368.06 2265.25 3876.47 1821.81
3680.48 4452.17 4541.03 3672.28 7478.33 2643.13 2308.04 5995.68 6032.63 4117.98 7530.21 2028.73 1896.73 4981.76 1067.28 4354.11
3285.58 3563.82 3067.41 4761.88 5997.04 2300.79 4249.14 390.347 5591.97 1346.8 5047.52 1568.36 3373.05 3615.42 1263.31 2934.63
3688.09 3761.81 2696.36 3859.63 3361.47 2972.09 1228.76 3088.82 5952.81 5779.85 3742.06 3534.59 3058.64 2767.22 3701.01 4450.28
2629.72 2674.58 4993.57 5769.5 878.53 3015.82 2782.42 5136.29 6056.31 5666.78 1979.79 3922.7 4230.09 5490.35 3423.53 6716.32
