6645.26 2374 3562.33 11894 16169.6 7893.73 13911.6 11904.2 2923.46 5306.55 7209.83 8096.37 4683.67 7721.95 4894.85 8443.8
7787.23 2299.83 4421.65 12530 16917.4 9472.63 15440.1 12446.2 7541.1 6993.46 9692.96 13025.6 3859.67 1264.89 6593.24 11528.4
3641.84 822.735 2098.99 14109.2 13790.7 10679.5 11109.3 9546.47 11252.2 12458.2 15192.6 14501.3 12101.3 5797.06 4984.36 9144.34
1726 3238.58 8537.71 14785.7 5220.42 7115.75 7164.3 3697.56 3034.28 11644.5 18961 18167.8 14133.4 3536.23 10296.3 9947.83
6353.01 2651.43 14133 12370.2 12000.7 3170.13 9331.44 8152.17 9541.51 10888.3 19180.7 16973.5 14545.8 7488.24 17232.4 10828
15137.9 4004.33 8015.46 13338 17006 10369.2 12358.7 7676.58 17616.1 16951.7 14549 15949.2 12638.2 7760.25 7476.38 10549.9
16788.3 4237.34 1797.35 13712.9 12004.3 10680.8 5957.74 6575.21 13748.1 19100.9 4185.46 12548.2 6322.73 2347.01 4171.66 13948.9
13466.2 5238.44 8645.79 15354.5 5850.11 5218.69 5994.28 11407.7 9681.94 15171.3 8040.28 4484.43 4954.58 9406.97 6513.9 12329.8
16184.8 7786.58 12746.9 12679 3631.92 8023.21 12046 10939.2 3699.73 7262.24 6068.85 880.167 3548.73 12666 6857.71 10678.7
15034.6 5458.3 6158.74 6964.66 9133.58 7884.28 9222.44 5914.12 13319.4 19698.8 10916.6 4636.04 6392.31 13213.5 9353.45 4983.15
9396.95 7353.78 9445.06 4317.31 7511.77 8061.61 4200.8 11365.6 29295 36601.4 26557.2 6641.09 3059.44 9898.27 13778.2 3284.76
10065.5 4609.05 7901.67 4263.02 2386.12 3239.64 13241.4 19773.2 32122.3 36017.2 34513.8 11919.2 7220.33 6324.45 8574.57 9241.18
5209.72 11593.1 9569.1 1693.3 3699.88 9681.72 13644.3 15423.6 23085.8 23754.7 20319.4 13215.6 3956.65 1387.71 9491.49 13498.1
2352.62 14373.8 6494.65 3544.72 6520.71 8790.15 3893.33 12957.4 12404.4 5774.13 7450.83 971.164 5414.45 8551.06 6097.14 12270.1
8880.62 10197.4 1363.65 2177.06 11439.9 6036.27 3968.57 10789.3 11802.6 7157.72 16512.5 12992 2860.28 6710.25 4384.4 11649.8
10476.4 3397.87 2067.84 6819.73 16744.8 5917.42 7742.19 4681.84 6045.16 5799.02 9885.96 8851.94 2889.51 7099.39 1946.91 5926.65
